-.52085173E+02 -250.11950572 0.0 12.6200 12.6200 12.6200 90.0000 90.0000 90.0000
-.52084868E+02 -250.13724096 0.0 12.6000 12.6000 12.6000 90.0000 90.0000 90.0000
-.52084690E+02 -250.07556601 0.0 12.6400 12.6400 12.6400 90.0000 90.0000 90.0000
-.52083241E+02 -250.09106482 0.0 12.6200 12.6200 12.6200 90.0000 90.0000 90.0000
-.52082378E+02 -250.19318112 0.0 12.5600 12.5600 12.5600 90.0000 90.0000 90.0000
-.52079842E+02 -249.97246470 0.0 12.7000 12.7000 12.7000 90.0000 90.0000 90.0000
-.52075124E+02 -250.24003131 0.0 12.5000 12.5000 12.5000 90.0000 90.0000 90.0000
-.52065505E+02 -249.87552708 0.0 12.8000 12.8000 12.8000 90.0000 90.0000 90.0000
-.52049667E+02 -249.97701220 0.0 12.4000 12.4000 12.4000 90.0000 90.0000 90.0000
-.52045123E+02 -249.16697448 0.0 12.6200 12.6200 12.6200 90.0000 90.0000 90.0000
-.52014424E+02 -249.33978965 0.0 12.6200 12.6200 12.6200 90.0000 90.0000 90.0000
-.52004814E+02 -249.08617997 0.0 13.0000 13.0000 13.0000 90.0000 90.0000 90.0000
-.51950748E+02 -248.83820699 0.0 12.2000 12.2000 12.2000 90.0000 90.0000 90.0000
-.51942301E+02 -248.00865982 0.0 12.6200 12.6200 12.6200 90.0000 90.0000 90.0000
-.51919618E+02 -247.52273340 0.0 13.2000 13.2000 13.2000 90.0000 90.0000 90.0000
-.51882169E+02 -247.86007217 0.0 12.6200 12.6200 12.6200 90.0000 90.0000 90.0000
-.51845832E+02 -246.14076496 0.0 13.4000 13.4000 13.4000 90.0000 90.0000 90.0000
-.51836165E+02 -247.86239398 0.0 12.6200 12.6200 12.6200 90.0000 90.0000 90.0000
-.51819353E+02 -247.99567538 0.0 12.6200 12.6200 12.6200 90.0000 90.0000 90.0000
-.51818521E+02 -247.75186338 0.0 12.6200 12.6200 12.6200 90.0000 90.0000 90.0000
-.51810085E+02 -247.34154119 0.0 12.6200 12.6200 12.6200 90.0000 90.0000 90.0000
-.51794245E+02 -248.17726558 0.0 12.6200 12.6200 12.6200 90.0000 90.0000 90.0000
-.51792193E+02 -247.98706406 0.0 12.6200 12.6200 12.6200 90.0000 90.0000 90.0000
-.51773798E+02 -244.76733157 0.0 13.6000 13.6000 13.6000 90.0000 90.0000 90.0000
-.51766421E+02 -246.92464107 0.0 12.0000 12.0000 12.0000 90.0000 90.0000 90.0000
-.51760703E+02 -247.33118394 0.0 12.6200 12.6200 12.6200 90.0000 90.0000 90.0000
-.51727624E+02 -247.32359782 0.0 12.6200 12.6200 12.6200 90.0000 90.0000 90.0000
-.51656665E+02 -246.70398432 0.0 12.6200 12.6200 12.6200 90.0000 90.0000 90.0000
-.51611098E+02 -246.81689897 0.0 12.6200 12.6200 12.6200 90.0000 90.0000 90.0000
-.51565887E+02 -246.53953036 0.0 12.6200 12.6200 12.6200 90.0000 90.0000 90.0000
-.51485133E+02 -243.70654650 0.0 11.8000 11.8000 11.8000 90.0000 90.0000 90.0000
-.51079792E+02 -238.50779325 0.0 11.6000 11.6000 11.6000 90.0000 90.0000 90.0000
