-.52085173E+02 -146.00359850 0.0 12.6200 12.6200 12.6200 90.0000 90.0000 90.0000
-.52084868E+02 -146.09591790 0.0 12.6000 12.6000 12.6000 90.0000 90.0000 90.0000
-.52084690E+02 -145.88279698 0.0 12.6400 12.6400 12.6400 90.0000 90.0000 90.0000
-.52083241E+02 -145.98834156 0.0 12.6200 12.6200 12.6200 90.0000 90.0000 90.0000
-.52082378E+02 -146.32281911 0.0 12.5600 12.5600 12.5600 90.0000 90.0000 90.0000
-.52079842E+02 -145.58740410 0.0 12.7000 12.7000 12.7000 90.0000 90.0000 90.0000
-.52075124E+02 -146.49782474 0.0 12.5000 12.5000 12.5000 90.0000 90.0000 90.0000
-.52065505E+02 -145.51395845 0.0 12.8000 12.8000 12.8000 90.0000 90.0000 90.0000
-.52049667E+02 -146.41715005 0.0 12.4000 12.4000 12.4000 90.0000 90.0000 90.0000
-.52045123E+02 -145.57235380 0.0 12.6200 12.6200 12.6200 90.0000 90.0000 90.0000
-.52014424E+02 -145.69306915 0.0 12.6200 12.6200 12.6200 90.0000 90.0000 90.0000
-.52004814E+02 -144.59957392 0.0 13.0000 13.0000 13.0000 90.0000 90.0000 90.0000
-.51950748E+02 -145.82875837 0.0 12.2000 12.2000 12.2000 90.0000 90.0000 90.0000
-.51942301E+02 -145.03941708 0.0 12.6200 12.6200 12.6200 90.0000 90.0000 90.0000
-.51919618E+02 -143.52489165 0.0 13.2000 13.2000 13.2000 90.0000 90.0000 90.0000
-.51882169E+02 -145.21171655 0.0 12.6200 12.6200 12.6200 90.0000 90.0000 90.0000
-.51845832E+02 -143.03837229 0.0 13.4000 13.4000 13.4000 90.0000 90.0000 90.0000
-.51836165E+02 -145.48598089 0.0 12.6200 12.6200 12.6200 90.0000 90.0000 90.0000
-.51819353E+02 -145.37824279 0.0 12.6200 12.6200 12.6200 90.0000 90.0000 90.0000
-.51818521E+02 -145.03695703 0.0 12.6200 12.6200 12.6200 90.0000 90.0000 90.0000
-.51810085E+02 -145.11329387 0.0 12.6200 12.6200 12.6200 90.0000 90.0000 90.0000
-.51794245E+02 -145.23417929 0.0 12.6200 12.6200 12.6200 90.0000 90.0000 90.0000
-.51792193E+02 -145.30341706 0.0 12.6200 12.6200 12.6200 90.0000 90.0000 90.0000
-.51773798E+02 -142.16331373 0.0 13.6000 13.6000 13.6000 90.0000 90.0000 90.0000
-.51766421E+02 -144.61879562 0.0 12.0000 12.0000 12.0000 90.0000 90.0000 90.0000
-.51760703E+02 -144.76879264 0.0 12.6200 12.6200 12.6200 90.0000 90.0000 90.0000
-.51727624E+02 -145.03926150 0.0 12.6200 12.6200 12.6200 90.0000 90.0000 90.0000
-.51656665E+02 -144.41193371 0.0 12.6200 12.6200 12.6200 90.0000 90.0000 90.0000
-.51611098E+02 -144.48204903 0.0 12.6200 12.6200 12.6200 90.0000 90.0000 90.0000
-.51565887E+02 -144.27363129 0.0 12.6200 12.6200 12.6200 90.0000 90.0000 90.0000
-.51485133E+02 -141.72532453 0.0 11.8000 11.8000 11.8000 90.0000 90.0000 90.0000
-.51079792E+02 -136.64579758 0.0 11.6000 11.6000 11.6000 90.0000 90.0000 90.0000
