# struc.;  cell_size/A ;  Rela. Energy Obs / eV; DIFF ; Rela. Energy Cal. / eV ; Obs.Energy ; Cal.Energy
           1   6.30999994       0.00000000       5.12420654       5.12420654      -52.0851746       690.334656    
           2   6.30000019       3.05175781E-04   7.15808105       7.15777588      -52.0848694       692.368530    
           3   6.32000017       4.84466553E-04   4.68658447       4.68610001      -52.0846901       689.897034    
           4   6.30999994       1.93405151E-03   5.06732178       5.06538773      -52.0832405       690.277771    
           5   6.28000021       2.79617310E-03   6.43475342       6.43195724      -52.0823784       691.645203    
           6   6.34999990       5.33294678E-03   4.55847168       4.55313873      -52.0798416       689.768921    
           7   6.25000000       1.00517273E-02   7.50903320       7.49898148      -52.0751228       692.719482    
           8   6.40000010       1.96685791E-02   3.64099121       3.62132263      -52.0655060       688.851440    
           9   6.19999981       3.55072021E-02   8.67449951       8.63899231      -52.0496674       693.884949    
          10   6.30999994       4.00505066E-02   5.24481201       5.20476151      -52.0451241       690.455261    
          11   6.30999994       7.07511902E-02   5.36315918       5.29240799      -52.0144234       690.573608    
          12   6.50000000       8.03604126E-02   0.00000000       8.03604126E-02  -52.0048141       685.210449    
          13   6.09999990      0.134426117       7.35150146       7.21707535      -51.9507484       692.561951    
          14   6.30999994      0.142871857       5.49072266       5.34785080      -51.9423027       690.701172    
          15   6.59999990      0.165557861       2.52941895       2.36386108      -51.9196167       687.739868    
          16   6.30999994      0.203006744       5.36932373       5.16631699      -51.8821678       690.579773    
          17   6.69999981      0.239341736       2.41290283       2.17356110      -51.8458328       687.623352    
          18   6.30999994      0.249008179       5.51940918       5.27040100      -51.8361664       690.729858    
          19   6.30999994      0.265823364       5.76232910       5.49650574      -51.8193512       690.972778    
          20   6.30999994      0.266654968       5.59051514       5.32386017      -51.8185196       690.800964    
          21   6.30999994      0.275089264       5.56054688       5.28545761      -51.8100853       690.770996    
          22   6.30999994      0.290927887       5.40911865       5.11819077      -51.7942467       690.619568    
          23   6.30999994      0.292980194       5.54132080       5.24834061      -51.7921944       690.751770    
          24   6.80000019      0.311374664       5.11236572       4.80099106      -51.7737999       690.322815    
          25   6.00000000      0.318752289       15.5088501       15.1900978      -51.7664223       700.719299    
          26   6.30999994      0.324470520       5.81036377       5.48589325      -51.7607040       691.020813    
          27   6.30999994      0.357551575       5.61944580       5.26189423      -51.7276230       690.829895    
          28   6.30999994      0.428508759       5.76110840       5.33259964      -51.6566658       690.971558    
          29   6.30999994      0.474075317       5.77325439       5.29917908      -51.6110992       690.983704    
          30   6.30999994      0.519287109       5.89373779       5.37445068      -51.5658875       691.104187    
          31   5.90000010      0.600040436       20.1334229       19.5333824      -51.4851341       705.343872    
          32   5.80000019       1.00538254       26.9454346       25.9400520      -51.0797920       712.155884    
