-.53823090E+02 -273.50525675 0.0 11.8600 11.8600 11.8600 90.0000 90.0000 90.0000
-.53822792E+02 -273.65700090 0.0 11.8400 11.8400 11.8400 90.0000 90.0000 90.0000
-.53822233E+02 -273.21074455 0.0 11.9000 11.9000 11.9000 90.0000 90.0000 90.0000
-.53819073E+02 -274.04994412 0.0 11.8000 11.8000 11.8000 90.0000 90.0000 90.0000
-.53813785E+02 -274.25057464 0.0 11.7600 11.7600 11.7600 90.0000 90.0000 90.0000
-.53809239E+02 -272.71331413 0.0 12.0000 12.0000 12.0000 90.0000 90.0000 90.0000
-.53800512E+02 -274.09392760 0.0 11.7000 11.7000 11.7000 90.0000 90.0000 90.0000
-.53783793E+02 -272.03110519 0.0 12.1000 12.1000 12.1000 90.0000 90.0000 90.0000
-.53760759E+02 -273.71136039 0.0 11.6000 11.6000 11.6000 90.0000 90.0000 90.0000
-.53750250E+02 -271.63090200 0.0 12.2000 12.2000 12.2000 90.0000 90.0000 90.0000
-.53672077E+02 -269.87198383 0.0 12.4000 12.4000 12.4000 90.0000 90.0000 90.0000
-.53614193E+02 -272.30773877 0.0 11.4000 11.4000 11.4000 90.0000 90.0000 90.0000
-.53595048E+02 -268.88941082 0.0 12.6000 12.6000 12.6000 90.0000 90.0000 90.0000
-.53524517E+02 -268.10493040 0.0 12.8000 12.8000 12.8000 90.0000 90.0000 90.0000
-.53456579E+02 -267.20429090 0.0 13.0000 13.0000 13.0000 90.0000 90.0000 90.0000
-.53382058E+02 -269.71551244 0.0 11.2000 11.2000 11.2000 90.0000 90.0000 90.0000
-.53015088E+02 -265.21037808 0.0 11.0000 11.0000 11.0000 90.0000 90.0000 90.0000
