5.8 -.51079792E+02
5.9 -.51485133E+02
6.0 -.51766421E+02
6.1 -.51950748E+02
6.2 -.52049667E+02
6.25 -.52075124E+02
6.28 -.52082378E+02
6.3 -.52084868E+02
6.31 -.52085173E+02
6.32 -.52084690E+02
6.35 -.52079842E+02
6.4 -.52065505E+02
6.5 -.52004814E+02
6.6 -.51919618E+02
6.7 -.51845832E+02
6.8 -.51773798E+02

      5.79333	     -51.0851
          5.9	     -51.4836
            6	     -51.7657
          6.1	     -51.9493
          6.2	     -52.0522
         6.25	     -52.0746
         6.28	     -52.0836
      6.30333	     -52.0836
         6.32	     -52.0836
         6.35	     -52.0746
          6.4	     -52.0657
          6.5	      -52.003
          6.6	     -51.9179
          6.7	     -51.8463
          6.8	     -51.7701
