-.53823090E+02 -155.75034912 0.0 11.8600 11.8600 11.8600 90.0000 90.0000 90.0000
-.53822792E+02 -155.90555172 0.0 11.8400 11.8400 11.8400 90.0000 90.0000 90.0000
-.53822233E+02 -155.55171683 0.0 11.9000 11.9000 11.9000 90.0000 90.0000 90.0000
-.53819073E+02 -156.27485695 0.0 11.8000 11.8000 11.8000 90.0000 90.0000 90.0000
-.53813785E+02 -156.49623576 0.0 11.7600 11.7600 11.7600 90.0000 90.0000 90.0000
-.53809239E+02 -155.07827621 0.0 12.0000 12.0000 12.0000 90.0000 90.0000 90.0000
-.53800512E+02 -156.50600424 0.0 11.7000 11.7000 11.7000 90.0000 90.0000 90.0000
-.53783793E+02 -154.47322186 0.0 12.1000 12.1000 12.1000 90.0000 90.0000 90.0000
-.53760759E+02 -156.40488744 0.0 11.6000 11.6000 11.6000 90.0000 90.0000 90.0000
-.53750250E+02 -154.06716159 0.0 12.2000 12.2000 12.2000 90.0000 90.0000 90.0000
-.53672077E+02 -152.57876814 0.0 12.4000 12.4000 12.4000 90.0000 90.0000 90.0000
-.53614193E+02 -155.53461645 0.0 11.4000 11.4000 11.4000 90.0000 90.0000 90.0000
-.53595048E+02 -151.87718338 0.0 12.6000 12.6000 12.6000 90.0000 90.0000 90.0000
-.53524517E+02 -151.12742351 0.0 12.8000 12.8000 12.8000 90.0000 90.0000 90.0000
-.53456579E+02 -150.35324578 0.0 13.0000 13.0000 13.0000 90.0000 90.0000 90.0000
-.53382058E+02 -153.62092563 0.0 11.2000 11.2000 11.2000 90.0000 90.0000 90.0000
-.53015088E+02 -149.25689192 0.0 11.0000 11.0000 11.0000 90.0000 90.0000 90.0000
