# struc.;  cell_size/A ;  Rela. Energy Obs / eV; DIFF ; Rela. Energy Cal. / eV ; Obs.Energy ; Cal.Energy
           1   5.92999983       0.00000000       730.807129       730.807129      -53.8230896       693.106995    
           2   5.92000008       2.97546387E-04   727.562073       727.561768      -53.8227921       689.861938    
           3   5.94999981       8.58306885E-04   731.190430       731.189575      -53.8222313       693.490295    
           4   5.90000010       4.01687622E-03   729.827942       729.823914      -53.8190727       692.127808    
           5   5.88000011       9.30404663E-03   728.734680       728.725403      -53.8137856       691.034546    
           6   6.00000000       1.38511658E-02   727.126953       727.113098      -53.8092384       689.426819    
           7   5.84999990       2.25791931E-02   733.638428       733.615845      -53.8005104       695.938293    
           8   6.05000019       3.92951965E-02   727.861206       727.821899      -53.7837944       690.161072    
           9   5.80000019       6.23321533E-02   739.135620       739.073303      -53.7607574       701.435486    
          10   6.09999990       7.28378296E-02   726.082520       726.009705      -53.7502518       688.382385    
          11   6.19999981      0.151012421       725.189636       725.038635      -53.6720772       687.489502    
          12   5.69999981      0.208896637       742.891846       742.682922      -53.6141930       705.191711    
          13   6.30000019      0.228042603       726.440491       726.212463      -53.5950470       688.740356    
          14   6.40000010      0.298572540       0.00000000      0.298572540      -53.5245171      -37.7001152    
          15   6.50000000      0.366512299       7.54737854E-02  0.291038513      -53.4565773      -37.6246414    
          16   5.59999990      0.441032410      0.364807129       7.62252808E-02  -53.3820572      -37.3353081    
          17   5.50000000      0.808002472       1.12941742      0.321414948      -53.0150871      -36.5706978    
