-.53823090E+02 -269.87781061 0.0 11.8600 11.8600 11.8600 90.0000 90.0000 90.0000
-.53822792E+02 -269.97117044 0.0 11.8400 11.8400 11.8400 90.0000 90.0000 90.0000
-.53822233E+02 -269.89425654 0.0 11.9000 11.9000 11.9000 90.0000 90.0000 90.0000
-.53819073E+02 -270.20080675 0.0 11.8000 11.8000 11.8000 90.0000 90.0000 90.0000
-.53813785E+02 -270.29477998 0.0 11.7600 11.7600 11.7600 90.0000 90.0000 90.0000
-.53809239E+02 -269.72724419 0.0 12.0000 12.0000 12.0000 90.0000 90.0000 90.0000
-.53800512E+02 -270.10180809 0.0 11.7000 11.7000 11.7000 90.0000 90.0000 90.0000
-.53783793E+02 -269.27661933 0.0 12.1000 12.1000 12.1000 90.0000 90.0000 90.0000
-.53760759E+02 -269.64518432 0.0 11.6000 11.6000 11.6000 90.0000 90.0000 90.0000
-.53750250E+02 -268.90084062 0.0 12.2000 12.2000 12.2000 90.0000 90.0000 90.0000
-.53672077E+02 -266.87876654 0.0 12.4000 12.4000 12.4000 90.0000 90.0000 90.0000
-.53614193E+02 -268.03064818 0.0 11.4000 11.4000 11.4000 90.0000 90.0000 90.0000
-.53595048E+02 -265.36699161 0.0 12.6000 12.6000 12.6000 90.0000 90.0000 90.0000
-.53524517E+02 -263.86746783 0.0 12.8000 12.8000 12.8000 90.0000 90.0000 90.0000
-.53456579E+02 -262.27080764 0.0 13.0000 13.0000 13.0000 90.0000 90.0000 90.0000
-.53382058E+02 -265.42030865 0.0 11.2000 11.2000 11.2000 90.0000 90.0000 90.0000
-.53015088E+02 -261.35089912 0.0 11.0000 11.0000 11.0000 90.0000 90.0000 90.0000
